100 127
43 53
31 6
40 8
66 8
59 9
31 7
37 62
21 60
44 54
8 43
5 34
17 11
70 44
74 51
49 9
23 14
62 14
56 44
30 47
74 75
40 16
38 17
58 31
55 15
6 41
22 20
39 44
22 6
17 28
16 28
33 57
4 61
6 53
46 55
38 39
18 70
62 46
35 1
44 59
20 44
47 47
35 33
31 1
24 37
13 47
53 20
69 18
1 42
55 31
30 50
5 21
3 75
42 33
43 42
63 42
41 50
16 14
43 68
13 25
34 23
3 27
16 65
59 30
23 55
27 27
33 61
12 7
6 72
16 51
33 31
2 35
60 20
13 60
22 50
57 34
5 18
64 62
52 57
11 20
58 19
70 46
64 70
67 52
44 32
27 39
2 42
62 9
14 52
35 71
15 6
51 66
19 65
30 8
61 5
14 35
41 6
18 20
63 68
49 14
8 72
1 81 20
1 83 35
2 48 37
3 33 9
4 16 53
4 27 26
4 39 52
5 37 37
6 16 35
6 21 28
6 43 37
6 51 19
7 49 52
8 18 29
8 42 16
9 53 53
9 64 14
9 95 36
10 35 12
10 51 44
10 65 48
10 69 27
10 82 54
10 88 42
11 23 33
11 72 16
12 14 27
12 22 19
12 25 56
12 74 51
13 28 58
13 79 27
15 26 19
15 61 17
15 84 53
15 88 33
17 21 60
18 30 56
18 44 9
18 70 28
18 99 33
19 37 60
19 62 60
20 48 13
20 80 59
20 87 58
21 45 8
21 47 38
22 44 33
24 60 12
24 80 53
24 91 49
27 58 14
29 67 20
30 93 19
31 66 52
31 100 48
32 75 12
33 61 23
33 85 59
34 48 27
34 60 12
35 56 54
36 72 6
36 78 53
37 58 37
37 77 8
38 42 29
38 57 19
39 65 55
39 70 55
40 41 26
40 81 60
41 61 54
41 72 57
41 79 14
42 44 12
43 86 58
43 89 41
43 91 6
43 92 20
44 93 22
45 76 45
45 97 7
46 77 24
47 74 49
49 90 44
49 96 16
50 88 41
52 79 60
52 88 30
52 98 15
53 80 44
54 85 20
55 88 8
56 60 14
57 71 42
57 98 16
58 75 7
58 88 7
59 84 50
60 63 13
60 74 13
60 87 30
61 74 44
61 94 32
63 65 51
63 83 38
64 65 7
64 75 19
64 89 6
65 84 7
66 90 22
67 83 44
67 89 13
68 94 55
68 98 21
69 95 26
72 79 57
72 87 46
73 95 27
75 82 58
78 90 5
81 97 22
88 92 51
90 98 9
93 98 57