17
1 3952 7 28
1 7532 5
7532 30483 5
30483 32533 5
32533 18247 3
18247 29671 3
29671 29298 3
29298 3952 4

3952 23529 7 31
3952 15461 5
15461 2192 3
2192 4468 4
4468 3334 4
3334 29327 6
29327 30086 6
30086 23529 3

23529 32151 7 28
23529 30086 3
30086 7595 5
7595 240 6
240 21364 4
21364 19279 3
19279 3611 3
3611 32151 4

32151 10735 5 24
32151 3611 4
3611 9388 3
9388 2141 6
2141 16212 6
16212 10735 5

10735 15536 7 30
10735 3249 7
3249 691 3
691 32399 4
32399 31369 3
31369 26679 5
26679 18740 3
18740 15536 5

15536 6464 7 30
15536 22620 4
22620 23760 3
23760 30255 4
30255 3664 3
3664 22837 4
22837 20580 7
20580 6464 5

6464 28805 8 33
6464 19683 4
19683 12267 4
12267 4113 3
4113 1243 6
1243 17492 4
17492 8120 3
8120 20248 5
20248 28805 4

28805 24970 5 23
28805 18809 4
18809 1133 3
1133 19418 7
19418 7840 5
7840 24970 4

24970 12524 6 24
24970 7840 4
7840 4522 3
4522 3277 6
3277 24375 3
24375 1452 3
1452 12524 5

12524 1699 9 40
12524 649 3
649 29721 3
29721 24574 4
24574 22719 4
22719 17946 7
17946 7696 3
7696 25214 5
25214 1383 6
1383 1699 5

1699 30809 6 32
1699 1125 5
1125 978 7
978 17420 3
17420 30808 4
30808 10720 6
10720 30809 7

30809 20313 5 23
30809 20214 5
20214 9153 5
9153 4003 5
4003 31643 5
31643 20313 3

20313 30688 7 25
20313 14328 5
14328 28213 4
28213 10988 3
10988 29720 3
29720 29125 3
29125 1904 3
1904 30688 4

30688 8171 7 31
30688 1904 4
1904 30048 7
30048 23730 4
23730 25851 5
25851 28547 3
28547 7510 3
7510 8171 5

8171 1108 6 23
8171 27627 3
27627 26309 3
26309 32467 5
32467 14448 5
14448 18371 3
18371 1108 4

1108 15656 7 27
1108 22640 4
22640 8664 4
8664 25204 5
25204 28578 4
28578 24705 4
24705 6344 3
6344 15656 3

15656 11633 5 24
15656 11450 3
11450 9802 4
9802 13268 6
13268 12924 7
12924 11633 4

