43 53
31 6
40 8
66 8
59 9
31 7
37 62
21 60
44 54
8 43
5 34
17 11
70 44
74 51
49 9
23 14
62 14
56 44
30 47
74 75
40 16
38 17
58 31
55 15
6 41
22 20
39 44
22 6
17 28
16 28
33 57
4 61
6 53
46 55
38 39
18 70
62 46
35 1
44 59
20 44
47 47
35 33
31 1
24 37
13 47
53 20
69 18
1 42
55 31
30 50
5 21
3 75
42 33
43 42
63 42
41 50
16 14
43 68
13 25
34 23
3 27
16 65
59 30
23 55
27 27
33 61
12 7
6 72
16 51
33 31
2 35
60 20
13 60
22 50
57 34
5 18
64 62
52 57
11 20
58 19
70 46
64 70
67 52
44 32
27 39
2 42
62 9
14 52
35 71
15 6
51 66
19 65
30 8
61 5
14 35
41 6
18 20
63 68
49 14
8 72