1 37
1 60
1 98
2 98
3 40
3 94
4 6
4 64
4 66
4 75
4 84
5 67
5 90
6 29
6 64
7 34
7 37
7 47
7 70
7 78
8 52
9 31
10 26
10 64
10 83
10 85
11 14
11 22
11 51
11 66
12 34
12 53
12 94
13 81
14 98
15 31
15 73
15 85
16 32
16 44
16 47
17 23
17 47
18 43
18 57
18 64
18 64
19 23
19 26
19 42
19 67
20 58
20 100
21 30
21 31
21 39
21 79
21 92
21 93
22 83
22 88
23 49
23 50
23 80
23 84
24 96
25 33
25 77
25 91
26 50
26 97
27 72
27 73
28 57
28 75
29 61
30 82
30 95
32 68
33 87
34 67
34 87
35 75
36 72
37 85
38 43
39 44
39 89
40 45
40 76
40 100
41 42
41 59
41 65
41 77
41 83
41 88
42 67
42 81
42 87
42 90
43 75
44 56
45 59
46 80
48 88
52 57
52 63
52 72
52 93
54 84
54 94
55 85
56 86
57 72
59 100
60 96
61 73
61 88
62 92
67 72
69 88
71 73
74 96
74 100
77 93
78 91
82 99
92 100